0 0 0 0
1 2 2 2
2 4 4 4
3 6 6 6
4 8 8 8
5 10 10 10
6 12 12 12
7 14 14 14
8 16 16 16
9 18 18 18
10 20 20 20
11 22 22 22
12 24 24 24
13 26 26 26
14 28 28 28
15 30 30 30
16 32 32 32
17 34 34 34
18 36 36 36
19 38 38 38
20 40 40 40
21 42 42 42
22 44 44 44
23 46 46 46
24 48 48 48
25 50 50 50
26 52 52 52
27 54 54 54
28 56 56 56
29 58 58 58
30 60 60 60
31 62 62 62
32 64 64 64
33 66 66 66
34 68 68 68
35 70 70 70
36 72 72 72
37 74 74 74
38 76 76 76
39 78 78 78
40 80 80 80
41 82 82 82
42 84 84 84
43 86 86 86
44 88 88 88
45 90 90 90
46 92 92 92
47 94 94 94
48 96 96 96
49 98 98 98
50 100 100 100
51 102 102 102
52 104 104 104
53 106 106 106
54 108 108 108
55 110 110 110
56 112 112 112
57 114 114 114
58 116 116 116
59 118 118 118
60 120 120 120
61 3 3 3
62 6 6 6
63 9 9 9
64 12 12 12
65 15 15 15
66 18 18 18
67 21 21 21
68 24 24 24
69 27 27 27
70 30 30 30
71 33 33 33
72 36 36 36
73 39 39 39
74 42 42 42
75 45 45 45
76 48 48 48
77 51 51 51
78 54 54 54
79 57 57 57
80 60 60 60
81 63 63 63
82 66 66 66
83 69 69 69
84 72 72 72
85 75 75 75
86 78 78 78
87 81 81 81
88 84 84 84
89 87 87 87
90 90 90 90
91 91 91 91
92 92 92 92
93 93 93 93
94 94 94 94
95 95 95 95
96 96 96 96
97 97 97 97
98 98 98 98
99 99 99 99
100 100 100 100
101 103 103 103
102 106 106 106
103 110 110 110
104 113 113 113
105 116 116 116
106 120 120 120
107 123 123 123
108 127 127 127
109 130 130 130
110 133 133 133
111 137 137 137
112 140 140 140
113 143 143 143
114 147 147 147
115 150 150 150
116 154 154 154
117 157 157 157
118 160 160 160
119 164 164 164
120 167 167 167
121 170 170 170
122 174 174 174
123 177 177 177
124 181 181 181
125 184 184 184
126 187 187 187
127 191 191 191
128 194 194 194
129 197 197 197
130 201 201 201
131 204 204 204
132 208 208 208
133 211 211 211
134 214 214 214
135 218 218 218
136 221 221 221
137 224 224 224
138 228 228 228
139 231 231 231
140 235 235 235
141 238 238 238
142 241 241 241
143 245 245 245
144 248 248 248
145 250 250 250
146 243 222 251
147 237 194 251
148 230 167 252
149 224 139 252
150 217 111 253
151 211 83 253
152 204 56 254
153 198 28 254
154 191 0 255
155 191 0 255
156 178 0 255
157 166 0 255
158 153 0 255
159 140 0 255
160 127 0 255
161 115 0 255
162 102 0 255
163 89 0 255
164 76 0 255
165 64 0 255
166 51 0 255
167 38 0 255
168 25 0 255
169 13 0 255
170 0 0 255
171 0 12 242
172 0 25 229
173 0 38 217
174 0 50 204
175 0 63 191
176 0 76 178
177 0 89 166
178 0 102 153
179 0 114 140
180 0 127 127
181 0 140 115
182 0 153 102
183 0 165 89
184 0 178 76
185 0 191 64
186 0 204 51
187 0 217 38
188 0 229 25
189 0 242 13
190 0 255 0
191 25 255 0
192 51 255 0
193 76 255 0
194 102 255 0
195 127 255 0
196 153 255 0
197 178 255 0
198 204 255 0
199 229 255 0
200 255 255 0
201 255 229 0
202 255 204 0
203 255 178 0
204 255 153 0
205 255 127 0
206 255 102 0
207 255 76 0
208 255 51 0
209 255 25 0
210 255 0 0
211 229 0 0
212 204 0 0
213 178 0 0
214 153 0 0
215 127 0 0
216 102 0 0
217 76 0 0
218 51 0 0
219 25 0 0
220 0 0 0
221 20 20 20
222 30 30 30
223 40 40 40
224 49 49 49
225 59 59 59
226 69 69 69
227 79 79 79
228 89 89 89
229 98 98 98
230 108 108 108
231 118 118 118
232 128 128 128
233 138 138 138
234 147 147 147
235 157 157 157
236 167 167 167
237 177 177 177
238 186 186 186
239 196 196 196
240 206 206 206
241 216 216 216
242 226 226 226
243 235 235 235
244 245 245 245
245 255 255 255
246 255 255 255
247 227 227 227
248 198 198 198
249 170 170 170
250 142 142 142
251 113 113 113
252 85 85 85
253 57 57 57
254 28 28 28
255 0 0 0